5842
000
10
11
13
1011011011
32
1011011100
45
1011010011
-61
0101
65
01111000
66
10000
67
101101000
68
0110
69
0100110
71
001011
72
10101
73
101101010
74
00100
76
010010
77
101100
78
01000
79
10100
80
1011010010
81
0011
82
1001
83
0111101
84
001010
85
10001
86
101110000
87
1011011010
90
011101
97
101110001
98
010011101
99
010011100
100
01111001
101
1011011000
102
011100010
103
10111010
104
0111001
105
1011101111
106
1011101110
107
011100011
108
101110110
109
1011011001
-111
0111111
110
1011111
111
10111001
112
0111110
114
01110000
115
01001111
116
1011110
117
101101111
118
1011011101
120
101101011
122
